Compiling cost function...
Computing gradient of cost function...
 iter		   cost val	    grad. norm
    1	-3.2322160374442355e-02	9.44816877e-02
    2	-1.9689886861729899e-01	2.53388983e-01
    3	-1.0094936021546284e+00	1.12965625e+00
    4	-1.7962451846715664e+00	4.42903106e+00
    5	-2.0660173804829784e+00	6.93634316e+00
    6	-2.5663386021614309e+00	9.52431096e+00
    7	-2.6342189821418747e+00	1.06469890e+00
    8	-2.6353470251491520e+00	2.00202215e+00
    9	-2.6377799062768879e+00	8.62635219e-01
   10	-2.6436194875899983e+00	2.71710124e+00
   11	-2.6470950449310870e+00	1.69143042e+00
   12	-2.6477908494362641e+00	2.23380338e+00
   13	-2.6499242237606024e+00	1.26471535e+00
   14	-2.6511354359697235e+00	1.76427216e+00
   15	-2.6531279167861777e+00	1.21105033e+00
   16	-2.6544698208939059e+00	1.68874220e+00
   17	-2.6561413690342697e+00	1.53788669e+00
   18	-2.6564452066800235e+00	2.44822399e+00
   19	-2.6575560994904106e+00	2.03302253e+00
   20	-2.6600743686912374e+00	8.86563448e-01
   21	-2.6689740993418392e+00	1.72391414e+00
   22	-2.6710089458760646e+00	1.15533590e+00
   23	-2.6726485074828381e+00	1.73244412e+00
   24	-2.6740227752969883e+00	1.95718564e+00
   25	-2.6764486541367689e+00	1.17516676e+00
   26	-2.6779140115252571e+00	2.06701600e+00
   27	-2.6805740343307676e+00	1.14040844e+00
   28	-2.6821030986669459e+00	2.26616782e+00
   29	-2.6852216685710397e+00	1.00166801e+00
   30	-2.6870244385332875e+00	4.25998114e+00
   31	-2.6929853767323024e+00	2.78706504e+00
   32	-2.6969526381274140e+00	1.66029781e+00
   33	-2.6972865252481144e+00	2.69120914e+00
   34	-2.6985182618019170e+00	2.27759423e+00
   35	-2.7015479490174465e+00	9.69593425e-01
   36	-2.7125956696917450e+00	1.74753961e+00
   37	-2.7147377109451694e+00	1.52348855e+00
   38	-2.7167526535765352e+00	1.39214386e+00
   39	-2.7187436731909407e+00	1.44717537e+00
   40	-2.7188560372898403e+00	3.05146060e+00
   41	-2.7192963027977939e+00	2.92689210e+00
   42	-2.7209042504852823e+00	2.42378498e+00
   43	-2.7244672246561077e+00	1.02845737e+00
   44	-2.7357707758913650e+00	2.53173406e+00
   45	-2.7388937844316539e+00	2.01846204e+00
   46	-2.7416664646293043e+00	1.38858804e+00
   47	-2.7438218889409502e+00	1.99527964e+00
   48	-2.7457782747115402e+00	2.21845611e+00
   49	-2.7488557171583743e+00	1.55511753e+00
   50	-2.7508914975507297e+00	2.03932843e+00
   51	-2.7533158209046760e+00	1.96423830e+00
   52	-2.7545697334618615e+00	2.67486305e+00
   53	-2.7581511095493432e+00	1.32748770e+00
   54	-2.7605855684122704e+00	2.55210859e+00
   55	-2.7644719062226937e+00	1.56719213e+00
   56	-2.7660921684147310e+00	2.62489778e+00
   57	-2.7701199222487944e+00	1.12881359e+00
   58	-2.7842344285271228e+00	2.26603100e+00
   59	-2.7877389853817003e+00	1.36175987e+00
   60	-2.7911449198651006e+00	2.29081685e+00
   61	-2.7918488775558377e+00	3.28527825e+00
   62	-2.7943603719095469e+00	2.58678202e+00
   63	-2.7985177208656165e+00	1.63613828e+00
   64	-2.8007678984769226e+00	2.63004036e+00
   65	-2.8051975616249525e+00	1.38139019e+00
   66	-2.8091701608620294e+00	2.72805002e+00
   67	-2.8116702342126483e+00	2.96550527e+00
   68	-2.8170614237430964e+00	1.27692612e+00
   69	-2.8297096176019618e+00	4.10714887e+00
   70	-2.8385295762279155e+00	2.22539257e+00
   71	-2.8422014892025058e+00	1.90962757e+00
   72	-2.8456244578267991e+00	1.92200386e+00
   73	-2.8459570418063400e+00	3.91961218e+00
   74	-2.8472404238056925e+00	3.64367815e+00
   75	-2.8515610823249231e+00	2.52319409e+00
   76	-2.8521541602095795e+00	3.80411917e+00
   77	-2.8543682520901572e+00	3.30040131e+00
   78	-2.8603224060744470e+00	1.48717195e+00
   79	-2.8629387758467435e+00	5.81253563e+00
   80	-2.8721287384496459e+00	4.38502899e+00
   81	-2.8785501990188749e+00	3.81296140e+00
   82	-2.8852426163745606e+00	2.95442877e+00
   83	-2.8909119163761643e+00	1.96778270e+00
   84	-2.8946600212788036e+00	2.93088555e+00
   85	-2.8999730934620951e+00	2.36237117e+00
   86	-2.9044790931926490e+00	2.21871104e+00
   87	-2.9046110438452839e+00	4.47660157e+00
   88	-2.9051333465467559e+00	4.38334665e+00
   89	-2.9071321782493507e+00	4.00520824e+00
   90	-2.9135237627447794e+00	2.47262757e+00
   91	-2.9180566139713773e+00	2.59629589e+00
   92	-2.9205013035334249e+00	3.77221678e+00
   93	-2.9276184231027313e+00	1.94037720e+00
   94	-2.9324257756454033e+00	3.52815784e+00
   95	-2.9400928912956812e+00	2.29279535e+00
   96	-2.9440998056114518e+00	3.48079446e+00
   97	-2.9520496376652328e+00	1.88326254e+00
   98	-2.9594467676468930e+00	3.59137956e+00
   99	-2.9631165566996867e+00	4.26727508e+00
  100	-2.9730983040910344e+00	1.92495735e+00
  101	-2.9820624693411375e+00	4.16280272e+00
  102	-2.9884366415076014e+00	4.20006383e+00
  103	-2.9994051637862458e+00	2.39220817e+00
  104	-3.0036866061223169e+00	4.65111466e+00
  105	-3.0154978870888662e+00	2.14232530e+00
  106	-3.0249262501355898e+00	4.63218955e+00
  107	-3.0363830121087618e+00	3.56179783e+00
  108	-3.0451994034736969e+00	3.05380362e+00
  109	-3.0534055321028646e+00	2.85794249e+00
  110	-3.0543168155724927e+00	6.03726256e+00
  111	-3.0578316617658499e+00	5.60522813e+00
  112	-3.0695302867188574e+00	3.76646347e+00
  113	-3.0799750851350063e+00	2.88999705e+00
  114	-3.0891970073155295e+00	3.60110392e+00
  115	-3.0938049841168520e+00	5.44611187e+00
  116	-3.1079793012532697e+00	3.10492333e+00
  117	-3.1171802596972835e+00	4.61150429e+00
  118	-3.1311662963083164e+00	3.61823036e+00
  119	-3.1425219749832487e+00	3.86639296e+00
  120	-3.1476998587942497e+00	6.19075262e+00
  121	-3.1644233945227516e+00	3.90180989e+00
  122	-3.1772990981376892e+00	4.29506287e+00
  123	-3.1852820018858354e+00	6.23796945e+00
  124	-3.2078893480159905e+00	3.09194274e+00
  125	-3.2237266510068081e+00	9.81756233e+00
  126	-3.2766409558755294e+00	6.34322315e+00
  127	-3.2878025714986490e+00	8.19014874e+00
  128	-3.3232868955030090e+00	4.92787070e+00
  129	-3.3457411372243078e+00	7.13320306e+00
  130	-3.3838024953152530e+00	5.60553023e+00
  131	-3.4165662345844523e+00	6.72791216e+00
  132	-3.4449615110733705e+00	9.36405246e+00
  133	-3.5163731674772563e+00	5.10134979e+00
  134	-3.8610180747079914e+00	1.23923937e+01
  135	-4.0279793271611517e+00	1.17662849e+01
  136	-4.2339854472156571e+00	5.27160063e+00
  137	-4.2405526608514759e+00	4.04729038e+00
  138	-4.2465080977556102e+00	2.28607599e+00
  139	-4.2491194249295079e+00	3.02209746e-01
  140	-4.2491429658627116e+00	2.40788460e-01
  141	-4.2491657338867519e+00	1.57822182e-01
  142	-4.2491760543409161e+00	1.35202288e-01
  143	-4.2491804915904527e+00	1.63397675e-01
  144	-4.2491931871612483e+00	7.99839607e-02
  145	-4.2491983218718428e+00	1.62724508e-01
  146	-4.2492120449486528e+00	7.04280166e-02
  147	-4.2492220083998813e+00	1.65106295e-01
  148	-4.2492368031481913e+00	9.38620537e-02
  149	-4.2492381778749220e+00	1.77825936e-01
  150	-4.2492432562316464e+00	1.50961059e-01
  151	-4.2492560274722866e+00	6.34470362e-02
  152	-4.2492889795619622e+00	1.85597229e-01
  153	-4.2492987642478681e+00	1.71294960e-01
  154	-4.2493151630502837e+00	8.13888609e-02
  155	-4.2493228337809814e+00	9.98597480e-02
  156	-4.2493241694012696e+00	1.74648179e-01
  157	-4.2493291018704209e+00	1.48183014e-01
  158	-4.2493414892758619e+00	6.28801099e-02
  159	-4.2493762460335134e+00	1.69393168e-01
  160	-4.2493927029915293e+00	6.96974710e-02
  161	-4.2494000645129528e+00	2.02077960e-01
  162	-4.2494198665061962e+00	8.13761250e-02
  163	-4.2494267525276603e+00	1.23159229e-01
  164	-4.2494354366342364e+00	1.06485088e-01
  165	-4.2494438744541263e+00	7.66523824e-02
  166	-4.2494518735910374e+00	1.06108667e-01
  167	-4.2494534253690084e+00	1.71127716e-01
  168	-4.2494590582048435e+00	1.39983460e-01
  169	-4.2494710923637342e+00	6.37926208e-02
  170	-4.2494942688922590e+00	2.13156095e-01
  171	-4.2495000993008025e+00	2.21016463e-01
  172	-4.2495182756704644e+00	1.26599806e-01
  173	-4.2495228984288982e+00	1.53364380e-01
  174	-4.2495352612778703e+00	6.77843637e-02
  175	-4.2495468365065934e+00	1.45246904e-01
  176	-4.2495511915056099e+00	1.68901187e-01
  177	-4.2495639787062514e+00	8.62787400e-02
  178	-4.2495673066254795e+00	1.61315300e-01
  179	-4.2495776940197256e+00	9.48872815e-02
  180	-4.2495842669474708e+00	1.13055741e-01
  181	-4.2495912723829541e+00	1.17662539e-01
  182	-4.2495984376907998e+00	1.19723701e-01
  183	-4.2496057597940036e+00	1.19658970e-01
  184	-4.2496127428784218e+00	1.23712302e-01
  185	-4.2496212707469780e+00	1.07609756e-01
  186	-4.2496297256627749e+00	7.36267537e-02
  187	-4.2496380094159871e+00	1.07719055e-01
  188	-4.2496386904821168e+00	1.76179823e-01
  189	-4.2496413092314480e+00	1.62608373e-01
  190	-4.2496499951620113e+00	1.09337203e-01
  191	-4.2496585869999235e+00	7.31003962e-02
  192	-4.2496669422159465e+00	1.09590459e-01
  193	-4.2496679244699926e+00	1.73916637e-01
  194	-4.2496716289451646e+00	1.54212691e-01
  195	-4.2496825350065475e+00	8.05669526e-02
  196	-4.2496881727252100e+00	1.39912926e-01
  197	-4.2497001381823392e+00	6.31525745e-02
  198	-4.2497214436255852e+00	2.19395995e-01
  199	-4.2497368780851001e+00	1.73267698e-01
  200	-4.2497427519077569e+00	1.81860487e-01
  201	-4.2497588102323771e+00	7.79070137e-02
  202	-4.2497662087684560e+00	1.01441713e-01
  203	-4.2497681012178372e+00	1.64782200e-01
  204	-4.2497747553957108e+00	1.25882871e-01
  205	-4.2497840793448400e+00	9.61553281e-02
  206	-4.2497912125289163e+00	9.71303465e-02
  207	-4.2497929788408317e+00	1.65995216e-01
  208	-4.2497992559988038e+00	1.29753662e-01
  209	-4.2498096200872224e+00	8.23092226e-02
  210	-4.2498153689368525e+00	1.30923543e-01
  211	-4.2498261530704733e+00	7.17686129e-02
  212	-4.2498338450012092e+00	1.40118048e-01
  213	-4.2498448795511559e+00	9.34189199e-02
  214	-4.2498504268422348e+00	1.25019538e-01
  215	-4.2498604497380956e+00	7.53646595e-02
  216	-4.2498672556131334e+00	1.30930754e-01
  217	-4.2498773392193447e+00	9.08060091e-02
  218	-4.2498834520956592e+00	1.15597012e-01
  219	-4.2498914649856161e+00	1.01491860e-01
  220	-4.2498993094486304e+00	7.50080911e-02
  221	-4.2499068799545281e+00	1.01049550e-01
  222	-4.2499078021493704e+00	1.71226580e-01
  223	-4.2499112868483273e+00	1.52441576e-01
  224	-4.2499216806630162e+00	8.17719816e-02
  225	-4.2499272087250652e+00	1.32524040e-01
  226	-4.2499381950292054e+00	6.68168456e-02
  227	-4.2499487586906737e+00	1.34129246e-01
  228	-4.2499510909516740e+00	1.72723164e-01
  229	-4.2499591333054525e+00	1.26282283e-01
  230	-4.2499660026408215e+00	1.27956779e-01
  231	-4.2499753658836532e+00	9.70661257e-02
  232	-4.2499824087141187e+00	9.62875395e-02
  233	-4.2499839552011736e+00	1.65710877e-01
  234	-4.2499895332804893e+00	1.33723356e-01
  235	-4.2500006500402456e+00	6.61808943e-02
  236	-4.2500115090028396e+00	1.34706459e-01
  237	-4.2500129599431506e+00	1.78730599e-01
  238	-4.2500182941168134e+00	1.50149401e-01
  239	-4.2500310963560430e+00	5.95014233e-02
  240	-4.2500764880685438e+00	1.15831537e-01
  241	-4.2500849455128904e+00	9.06692526e-02
  242	-4.2500917875119768e+00	9.37021139e-02
  243	-4.2500933076352139e+00	1.65210656e-01
  244	-4.2500987966660873e+00	1.33630793e-01
  245	-4.2501098668736219e+00	6.48963406e-02
  246	-4.2501122038918204e+00	2.68413827e-01
  247	-4.2501209746743251e+00	2.35378522e-01
  248	-4.2501456416199108e+00	1.02139245e-01
  249	-4.2501507549343929e+00	1.28271257e-01
  250	-4.2501611492469973e+00	6.48170616e-02
  251	-4.2501650487687179e+00	2.53464800e-01
  252	-4.2501788546579560e+00	1.95705478e-01
  253	-4.2501978234623312e+00	1.01102491e-01
  254	-4.2502050737731487e+00	9.16287566e-02
  255	-4.2502121431566717e+00	7.77472895e-02
  256	-4.2502190767894392e+00	9.01599145e-02
  257	-4.2502193324610023e+00	1.75662793e-01
  258	-4.2502203400720502e+00	1.70493696e-01
  259	-4.2502241238489153e+00	1.49817555e-01
  260	-4.2502349301282472e+00	7.36405777e-02
  261	-4.2502404900997712e+00	1.46297417e-01
  262	-4.2502530095893327e+00	5.85034574e-02
  263	-4.2503000799916313e+00	9.20183745e-02
  264	-4.2503039430211498e+00	1.39617630e-01
  265	-4.2503143302274786e+00	6.37454187e-02
  266	-4.2503196044022893e+00	2.49672302e-01
  267	-4.2503373244125608e+00	1.70812827e-01
  268	-4.2503537179313051e+00	6.73985281e-02
  269	-4.2503555317467212e+00	2.21988021e-01
  270	-4.2503622892953103e+00	1.91706942e-01
  271	-4.2503802851097108e+00	7.53808138e-02
  272	-4.2503865469254496e+00	1.19672449e-01
  273	-4.2503947976168206e+00	9.74396903e-02
  274	-4.2504019978408900e+00	8.17737794e-02
  275	-4.2504086222763320e+00	8.82694777e-02
  276	-4.2504093236599667e+00	1.70382777e-01
  277	-4.2504120091821171e+00	1.55893964e-01
  278	-4.2504207023810601e+00	9.92885242e-02
  279	-4.2504279289276869e+00	8.44493141e-02
  280	-4.2504345604592624e+00	8.56347210e-02
  281	-4.2504348325132186e+00	1.75484683e-01
  282	-4.2504359035749246e+00	1.69963015e-01
  283	-4.2504399066357976e+00	1.47870950e-01
  284	-4.2504509454007895e+00	6.81515996e-02
  285	-4.2504579895124168e+00	1.48467803e-01
  286	-4.2504708610424728e+00	6.89634735e-02
  287	-4.2504753604937502e+00	1.77538501e-01
  288	-4.2504887583876529e+00	9.21633757e-02
  289	-4.2504896992190213e+00	1.65556914e-01
  290	-4.2504932352721578e+00	1.45747794e-01
  291	-4.2505034010408247e+00	7.27869204e-02
  292	-4.2505089650467243e+00	1.39385680e-01
  293	-4.2505206313206028e+00	6.02315220e-02
  294	-4.2505389942359013e+00	2.26518949e-01
  295	-4.2505632294257172e+00	1.10477475e-01
  296	-4.2505698445073694e+00	1.09294173e-01
  297	-4.2505750076401334e+00	1.26789915e-01
  298	-4.2505850859799148e+00	6.55592756e-02
  299	-4.2505938213608854e+00	1.31843519e-01
  300	-4.2506002190332097e+00	1.32902940e-01
  301	-4.2506106844147844e+00	7.84279807e-02
  302	-4.2506148124360514e+00	1.41402471e-01
  303	-4.2506256132961537e+00	6.12555552e-02
  304	-4.2506350643643636e+00	2.43784813e-01
  305	-4.2506615008705451e+00	1.03322428e-01
  306	-4.2506651003607754e+00	1.39477613e-01
  307	-4.2506750537267921e+00	6.57289012e-02
  308	-4.2506833106534785e+00	1.32252916e-01
  309	-4.2506908923997919e+00	1.20306842e-01
  310	-4.2506965048954619e+00	1.29288483e-01
  311	-4.2507067765663002e+00	6.92732850e-02
  312	-4.2507127606418731e+00	1.42474818e-01
  313	-4.2507248131463857e+00	6.12502457e-02
  314	-4.2507277066461420e+00	2.83106381e-01
  315	-4.2507384785444096e+00	2.43996620e-01
  316	-4.2507668119258142e+00	8.65462973e-02
  317	-4.2507732784693584e+00	8.12546416e-02
  318	-4.2507796505793038e+00	7.95207269e-02
  319	-4.2507860109219306e+00	8.01091429e-02
  320	-4.2507923664787022e+00	7.93715077e-02
  321	-4.2507987167002206e+00	8.00499450e-02
  322	-4.2508050619533950e+00	7.93036997e-02
  323	-4.2508114018710437e+00	7.99884501e-02
  324	-4.2508177368308564e+00	7.92358248e-02
  325	-4.2508240664620036e+00	7.99270440e-02
  326	-4.2508303911452625e+00	7.91679735e-02
  327	-4.2508367105071265e+00	7.98657199e-02
  328	-4.2508430249311395e+00	7.91001512e-02
  329	-4.2508493340410718e+00	7.98044792e-02
  330	-4.2508556382230420e+00	7.90323584e-02
  331	-4.2508619370970910e+00	7.97433202e-02
  332	-4.2508682310541506e+00	7.89645805e-02
  333	-4.2508745197103490e+00	7.96822568e-02
  334	-4.2508808034594905e+00	7.88968289e-02
  335	-4.2508870819149092e+00	7.96212762e-02
  336	-4.2508933554727379e+00	7.88291046e-02
  337	-4.2508996237440471e+00	7.95603728e-02
  338	-4.2509058871278418e+00	7.87614085e-02
  339	-4.2509121452316112e+00	7.94995543e-02
  340	-4.2509183984588645e+00	7.86937317e-02
  341	-4.2509246464125940e+00	7.94388328e-02
  342	-4.2509308894994060e+00	7.86260741e-02
  343	-4.2509371273201246e+00	7.93781907e-02
  344	-4.2509433602833866e+00	7.85584477e-02
  345	-4.2509495879877539e+00	7.93176266e-02
  346	-4.2509558108450731e+00	7.84908496e-02
  347	-4.2509620284498526e+00	7.92571528e-02
  348	-4.2509682412176577e+00	7.84232690e-02
  349	-4.2509744487396830e+00	7.91967650e-02
  350	-4.2509806514346415e+00	7.83557111e-02
  351	-4.2509868488911930e+00	7.91364616e-02
  352	-4.2509930415304087e+00	7.82881837e-02
  353	-4.2509992289376957e+00	7.90762405e-02
  354	-4.2510054115380562e+00	7.82206754e-02
  355	-4.2510115889127480e+00	7.90161106e-02
  356	-4.2510177614907478e+00	7.81531835e-02
  357	-4.2510239288500973e+00	7.89560698e-02
  358	-4.2510300914226953e+00	7.80857177e-02
  359	-4.2510362487831319e+00	7.88961147e-02
  360	-4.2510424013670560e+00	7.80182712e-02
  361	-4.2510485487450289e+00	7.88362494e-02
  362	-4.2510546913570266e+00	7.79508404e-02
  363	-4.2510608287695568e+00	7.87764778e-02
  364	-4.2510669614261003e+00	7.78834289e-02
  365	-4.2510730888899122e+00	7.87167932e-02
  366	-4.2510792116072338e+00	7.78160398e-02
  367	-4.2510853291390891e+00	7.86571896e-02
  368	-4.2510914419347268e+00	7.77486801e-02
  369	-4.2510975495503995e+00	7.85976772e-02
  370	-4.2511036524404213e+00	7.76813270e-02
  371	-4.2511097501574326e+00	7.85382599e-02
  372	-4.2511158431583320e+00	7.76139992e-02
  373	-4.2511219309923565e+00	7.84789249e-02
  374	-4.2511280141214067e+00	7.75466863e-02
  375	-4.2511340920897549e+00	7.84196929e-02
  376	-4.2511401653623269e+00	7.74793885e-02
  377	-4.2511462334810197e+00	7.83605392e-02
  378	-4.2511522969144639e+00	7.74121144e-02
  379	-4.2511583552003032e+00	7.83014812e-02
  380	-4.2511644088107161e+00	7.73448569e-02
  381	-4.2511704572799873e+00	7.82425101e-02
  382	-4.2511765010837852e+00	7.72776184e-02
  383	-4.2511825397529819e+00	7.81836278e-02
  384	-4.2511885737669157e+00	7.72104000e-02
  385	-4.2511946026523617e+00	7.81248378e-02
  386	-4.2512006268923237e+00	7.71431960e-02
  387	-4.2512066460104592e+00	7.80661349e-02
  388	-4.2512126604934508e+00	7.70760136e-02
  389	-4.2512186698605863e+00	7.80075266e-02
  390	-4.2512246746027120e+00	7.70088439e-02
  391	-4.2512306742351909e+00	7.79490103e-02
  392	-4.2512366692527355e+00	7.69416898e-02
  393	-4.2512426591667261e+00	7.78905857e-02
  394	-4.2512486444761777e+00	7.68745500e-02
  395	-4.2512546246880483e+00	7.78322571e-02
  396	-4.2512606003055247e+00	7.68074228e-02
  397	-4.2512665708316728e+00	7.77740215e-02
  398	-4.2512725367733202e+00	7.67403118e-02
  399	-4.2512784976301825e+00	7.77158760e-02
  400	-4.2512844539125449e+00	7.66732209e-02
  401	-4.2512904051159701e+00	7.76578222e-02
  402	-4.2512963517553786e+00	7.66061409e-02
  403	-4.2513022933214977e+00	7.75998667e-02
  404	-4.2513082303338798e+00	7.65390693e-02
  405	-4.2513141622792752e+00	7.75420068e-02
  406	-4.2513200896809753e+00	7.64720144e-02
  407	-4.2513260120211909e+00	7.74842401e-02
  408	-4.2513319298284600e+00	7.64049660e-02
  409	-4.2513378425802895e+00	7.74265757e-02
  410	-4.2513437508089496e+00	7.63379310e-02
  411	-4.2513496539882887e+00	7.73690015e-02
  412	-4.2513555526549043e+00	7.62709104e-02
  413	-4.2513614462778655e+00	7.73115263e-02
  414	-4.2513673353978305e+00	7.62038982e-02
  415	-4.2513732194806728e+00	7.72541411e-02
  416	-4.2513790990708422e+00	7.61369058e-02
  417	-4.2513849736292597e+00	7.71968540e-02
  418	-4.2513908437052006e+00	7.60699179e-02
  419	-4.2513967087556219e+00	7.71396634e-02
  420	-4.2514025693334840e+00	7.60029458e-02
  421	-4.2514084248914861e+00	7.70825661e-02
  422	-4.2514142759875746e+00	7.59359819e-02
  423	-4.2514201220696037e+00	7.70255718e-02
  424	-4.2514259636995391e+00	7.58690281e-02
  425	-4.2514318003210825e+00	7.69686700e-02
  426	-4.2514376325008429e+00	7.58020826e-02
  427	-4.2514434596782529e+00	7.69118674e-02
  428	-4.2514492824239527e+00	7.57351504e-02
  429	-4.2514551001730885e+00	7.68551611e-02
  430	-4.2514609135008481e+00	7.56682279e-02
  431	-4.2514667218370601e+00	7.67985549e-02
  432	-4.2514725257626962e+00	7.56013050e-02
  433	-4.2514783247028776e+00	7.67420550e-02
  434	-4.2514841192418960e+00	7.55343958e-02
  435	-4.2514899088012950e+00	7.66856437e-02
  436	-4.2514956939700426e+00	7.54674971e-02
  437	-4.2515014741643444e+00	7.66293356e-02
  438	-4.2515072499786690e+00	7.54005999e-02
  439	-4.2515130208240439e+00	7.65731331e-02
  440	-4.2515187872999309e+00	7.53337084e-02
  441	-4.2515245488122648e+00	7.65170340e-02
  442	-4.2515303059651863e+00	7.52668213e-02
  443	-4.2515360581598660e+00	7.64610333e-02
  444	-4.2515418060055614e+00	7.51999374e-02
  445	-4.2515475488987153e+00	7.64051357e-02
  446	-4.2515532874533415e+00	7.51330620e-02
  447	-4.2515590210607908e+00	7.63493421e-02
  448	-4.2515647503397211e+00	7.50661903e-02
  449	-4.2515704746772851e+00	7.62936467e-02
  450	-4.2515761946965949e+00	7.49993283e-02
  451	-4.2515819097796825e+00	7.62380533e-02
  452	-4.2515876205550169e+00	7.49324671e-02
  453	-4.2515933263994334e+00	7.61825653e-02
  454	-4.2515990279464200e+00	7.48656088e-02
  455	-4.2516047245679989e+00	7.61271804e-02
  456	-4.2516104169024356e+00	7.47987561e-02
  457	-4.2516161043168088e+00	7.60718987e-02
  458	-4.2516217874539741e+00	7.47319066e-02
  459	-4.2516274656767710e+00	7.60167157e-02
  460	-4.2516331396330571e+00	7.46650652e-02
  461	-4.2516388086796670e+00	7.59616418e-02
  462	-4.2516444734700922e+00	7.45982182e-02
  463	-4.2516501333564367e+00	7.59066723e-02
  464	-4.2516557889972209e+00	7.45313778e-02
  465	-4.2516614397384016e+00	7.58518115e-02
  466	-4.2516670862446393e+00	7.44645288e-02
  467	-4.2516727278572022e+00	7.57970595e-02
  468	-4.2516783652447812e+00	7.43976906e-02
  469	-4.2516839977432932e+00	7.57424081e-02
  470	-4.2516896260277495e+00	7.43308455e-02
  471	-4.2516952494285896e+00	7.56878703e-02
  472	-4.2517008686253401e+00	7.42640047e-02
  473	-4.2517064829436801e+00	7.56334337e-02
  474	-4.2517120930681838e+00	7.41971649e-02
  475	-4.2517176983193110e+00	7.55791022e-02
  476	-4.2517232993873924e+00	7.41303238e-02
  477	-4.2517288955870125e+00	7.55248835e-02
  478	-4.2517344876145842e+00	7.40634796e-02
  479	-4.2517400747780618e+00	7.54707805e-02
  480	-4.2517456577799013e+00	7.39966247e-02
  481	-4.2517512359230203e+00	7.54167857e-02
  482	-4.2517568099149488e+00	7.39297728e-02
  483	-4.2517623790527672e+00	7.53629000e-02
  484	-4.2517679440502594e+00	7.38629135e-02
  485	-4.2517735041989209e+00	7.53091291e-02
  486	-4.2517790602173138e+00	7.37960557e-02
  487	-4.2517846113914679e+00	7.52554628e-02
  488	-4.2517901584464255e+00	7.37291901e-02
  489	-4.2517957006617699e+00	7.52019147e-02
  490	-4.2518012387682367e+00	7.36623170e-02
  491	-4.2518067720407258e+00	7.51484750e-02
  492	-4.2518123012146489e+00	7.35954500e-02
  493	-4.2518178255589714e+00	7.50951442e-02
  494	-4.2518233458155734e+00	7.35285720e-02
  495	-4.2518288612472279e+00	7.50419296e-02
  496	-4.2518343726020786e+00	7.34616866e-02
  497	-4.2518398791364955e+00	7.49888324e-02
  498	-4.2518453816048236e+00	7.33947919e-02
  499	-4.2518508792577254e+00	7.49358503e-02
  500	-4.2518563728545988e+00	7.33278943e-02
  501	-4.2518618616406467e+00	7.48829748e-02
  502	-4.2518673463817933e+00	7.32609886e-02
  503	-4.2518728263169958e+00	7.48302205e-02
  504	-4.2518783022177242e+00	7.31940781e-02
  505	-4.2518837733167540e+00	7.47775784e-02
  506	-4.2518892403923374e+00	7.31271544e-02
  507	-4.2518947026712155e+00	7.47250568e-02
  508	-4.2519001609370921e+00	7.30602272e-02
  509	-4.2519056144100542e+00	7.46726483e-02
  510	-4.2519110638814581e+00	7.29932804e-02
  511	-4.2519165085649613e+00	7.46203663e-02
  512	-4.2519219492568663e+00	7.29263302e-02
  513	-4.2519273851660024e+00	7.45681916e-02
  514	-4.2519328170937367e+00	7.28593783e-02
  515	-4.2519382442430800e+00	7.45161276e-02
  516	-4.2519436674224744e+00	7.27924146e-02
  517	-4.2519490858274693e+00	7.44641914e-02
  518	-4.2519545002735413e+00	7.27254332e-02
  519	-4.2519599099494627e+00	7.44123776e-02
  520	-4.2519653156773565e+00	7.26584378e-02
  521	-4.2519707166395717e+00	7.43606848e-02
  522	-4.2519761136644929e+00	7.25914313e-02
  523	-4.2519815059281862e+00	7.43091111e-02
  524	-4.2519868942654977e+00	7.25244132e-02
  525	-4.2519922778458534e+00	7.42576593e-02
  526	-4.2519976575107759e+00	7.24573810e-02
  527	-4.2520030324228859e+00	7.42063302e-02
  528	-4.2520084034304446e+00	7.23903329e-02
  529	-4.2520137696899223e+00	7.41551231e-02
  530	-4.2520191320552545e+00	7.23232767e-02
  531	-4.2520244896772139e+00	7.41040321e-02
  532	-4.2520298434160662e+00	7.22562121e-02
  533	-4.2520351924149162e+00	7.40530662e-02
  534	-4.2520405375418502e+00	7.21891205e-02
  535	-4.2520458779333703e+00	7.40022274e-02
  536	-4.2520512144639486e+00	7.21220186e-02
  537	-4.2520565462632893e+00	7.39515133e-02
  538	-4.2520618742126075e+00	7.20549006e-02
  539	-4.2520671974345312e+00	7.39009235e-02
  540	-4.2520725168177638e+00	7.19877617e-02
  541	-4.2520778314780578e+00	7.38504639e-02
  542	-4.2520831423101839e+00	7.19206102e-02
  543	-4.2520884484231543e+00	7.38001239e-02
  544	-4.2520937507194345e+00	7.18534369e-02
  545	-4.2520990483008871e+00	7.37499166e-02
  546	-4.2521043420766311e+00	7.17862490e-02
  547	-4.2521096311416056e+00	7.36998359e-02
  548	-4.2521149164118732e+00	7.17190426e-02
  549	-4.2521201969749152e+00	7.36498824e-02
  550	-4.2521254737546315e+00	7.16518106e-02
  551	-4.2521307458317210e+00	7.36000613e-02
  552	-4.2521360141360462e+00	7.15845673e-02
  553	-4.2521412777416838e+00	7.35503620e-02
  554	-4.2521465375860874e+00	7.15173037e-02
  555	-4.2521517927353347e+00	7.35007981e-02
  556	-4.2521570441345808e+00	7.14500137e-02
  557	-4.2521622908426169e+00	7.34513657e-02
  558	-4.2521675338121101e+00	7.13827031e-02
  559	-4.2521727720941067e+00	7.34020684e-02
  560	-4.2521780066486166e+00	7.13153684e-02
  561	-4.2521832365198762e+00	7.33529008e-02
  562	-4.2521884626747024e+00	7.12480170e-02
  563	-4.2521936841495904e+00	7.33038635e-02
  564	-4.2521989019203765e+00	7.11806357e-02
  565	-4.2522041150145942e+00	7.32549742e-02
  566	-4.2522093244155368e+00	7.11132248e-02
  567	-4.2522145291443119e+00	7.32062126e-02
  568	-4.2522197301906708e+00	7.10457990e-02
  569	-4.2522249265689229e+00	7.31575796e-02
  570	-4.2522301192761356e+00	7.09783533e-02
  571	-4.2522353073183687e+00	7.31090827e-02
  572	-4.2522404917016683e+00	7.09108744e-02
  573	-4.2522456714233137e+00	7.30607320e-02
  574	-4.2522508474975265e+00	7.08433649e-02
  575	-4.2522560189137000e+00	7.30125198e-02
  576	-4.2522611866936764e+00	7.07758287e-02
  577	-4.2522663498201627e+00	7.29644425e-02
  578	-4.2522715093208054e+00	7.07082788e-02
  579	-4.2522766641718990e+00	7.29164887e-02
  580	-4.2522818154090434e+00	7.06407066e-02
  581	-4.2522869619994079e+00	7.28686800e-02
  582	-4.2522921049878413e+00	7.05730953e-02
  583	-4.2522972433329578e+00	7.28210180e-02
  584	-4.2523023780875704e+00	7.05054545e-02
  585	-4.2523075082028203e+00	7.27734952e-02
  586	-4.2523126347390452e+00	7.04377910e-02
  587	-4.2523177566385320e+00	7.27261127e-02
  588	-4.2523228749714823e+00	7.03700860e-02
  589	-4.2523279886712313e+00	7.26788846e-02
  590	-4.2523330988157833e+00	7.03023519e-02
  591	-4.2523382043305595e+00	7.26317955e-02
  592	-4.2523433063017073e+00	7.02345871e-02
  593	-4.2523484036468995e+00	7.25848489e-02
  594	-4.2523534974598984e+00	7.01667971e-02
  595	-4.2523585866501907e+00	7.25380435e-02
  596	-4.2523636723201790e+00	7.00989735e-02
  597	-4.2523687533707228e+00	7.24913858e-02
  598	-4.2523738309126848e+00	7.00311164e-02
  599	-4.2523789038386557e+00	7.24448738e-02
  600	-4.2523839732678894e+00	6.99632283e-02
  601	-4.2523890380840372e+00	7.23985097e-02
  602	-4.2523940994154215e+00	6.98953013e-02
  603	-4.2523991561370380e+00	7.23522954e-02
  604	-4.2524042093861336e+00	6.98273411e-02
  605	-4.2524092580286688e+00	7.23062353e-02
  606	-4.2524143032100685e+00	6.97593455e-02
  607	-4.2524193437883611e+00	7.22603177e-02
  608	-4.2524243809172750e+00	6.96913183e-02
  609	-4.2524294134465173e+00	7.22145481e-02
  610	-4.2524344425381013e+00	6.96232590e-02
  611	-4.2524394670331063e+00	7.21689265e-02
  612	-4.2524444881026504e+00	6.95551625e-02
  613	-4.2524495045786948e+00	7.21234598e-02
  614	-4.2524545176411923e+00	6.94870284e-02
  615	-4.2524595261133316e+00	7.20781443e-02
  616	-4.2524645311840210e+00	6.94188573e-02
  617	-4.2524695316674359e+00	7.20329831e-02
  618	-4.2524745287616250e+00	6.93506483e-02
  619	-4.2524795212713133e+00	7.19879784e-02
  620	-4.2524845104042006e+00	6.92823967e-02
  621	-4.2524894949554479e+00	7.19431332e-02
  622	-4.2524944761418464e+00	6.92141034e-02
  623	-4.2524994527500741e+00	7.18984412e-02
  624	-4.2525044260052685e+00	6.91457772e-02
  625	-4.2525093946851609e+00	7.18539010e-02
  626	-4.2525143600245716e+00	6.90774092e-02
  627	-4.2525193207916452e+00	7.18095233e-02
  628	-4.2525242782301955e+00	6.90090005e-02
  629	-4.2525292310994844e+00	7.17653000e-02
  630	-4.2525341806525709e+00	6.89405526e-02
  631	-4.2525391256393741e+00	7.17212367e-02
  632	-4.2525440673221917e+00	6.88720638e-02
  633	-4.2525490044415264e+00	7.16773323e-02
  634	-4.2525539382694042e+00	6.88035314e-02
  635	-4.2525588675362425e+00	7.16335916e-02
  636	-4.2525637935247538e+00	6.87349500e-02
  637	-4.2525687149548874e+00	7.15900231e-02
  638	-4.2525736331187183e+00	6.86663223e-02
  639	-4.2525785467274950e+00	7.15466119e-02
  640	-4.2525834570820678e+00	6.85976580e-02
  641	-4.2525883628841639e+00	7.15033595e-02
  642	-4.2525932654447534e+00	6.85289461e-02
  643	-4.2525981634561560e+00	7.14602743e-02
  644	-4.2526030582381065e+00	6.84601965e-02
  645	-4.2526079484733650e+00	7.14173482e-02
  646	-4.2526128354920907e+00	6.83913976e-02
  647	-4.2526177179669560e+00	7.13745933e-02
  648	-4.2526225972375222e+00	6.83225540e-02
  649	-4.2526274719672550e+00	7.13320004e-02
  650	-4.2526323435053079e+00	6.82536684e-02
  651	-4.2526372105049681e+00	7.12895755e-02
  652	-4.2526420743255589e+00	6.81847319e-02
  653	-4.2526469336107908e+00	7.12473185e-02
  654	-4.2526517897295930e+00	6.81157532e-02
  655	-4.2526566413151379e+00	7.12052305e-02
  656	-4.2526614897475596e+00	6.80467184e-02
  657	-4.2526663336496178e+00	7.11633209e-02
  658	-4.2526711744107617e+00	6.79776387e-02
  659	-4.2526760106447075e+00	7.11215748e-02
  660	-4.2526808437499675e+00	6.79085178e-02
  661	-4.2526856723305091e+00	7.10799930e-02
  662	-4.2526904977959159e+00	6.78393459e-02
  663	-4.2526953187385956e+00	7.10385945e-02
  664	-4.2527001365794010e+00	6.77701151e-02
  665	-4.2527049499002185e+00	7.09973752e-02
  666	-4.2527097601317418e+00	6.77008363e-02
  667	-4.2527145658458254e+00	7.09563263e-02
  668	-4.2527193684838922e+00	6.76315066e-02
  669	-4.2527241666067557e+00	7.09154578e-02
  670	-4.2527289616664348e+00	6.75621211e-02
  671	-4.2527337522137305e+00	7.08747635e-02
  672	-4.2527385397109745e+00	6.74926883e-02
  673	-4.2527433226984925e+00	7.08342484e-02
  674	-4.2527481026485905e+00	6.74232053e-02
  675	-4.2527528780916075e+00	7.07939059e-02
  676	-4.2527576505101976e+00	6.73536719e-02
  677	-4.2527624184241608e+00	7.07537411e-02
  678	-4.2527671833272791e+00	6.72840851e-02
  679	-4.2527719437279412e+00	7.07137631e-02
  680	-4.2527767011305935e+00	6.72144402e-02
  681	-4.2527814540337836e+00	7.06739611e-02
  682	-4.2527862039517821e+00	6.71447496e-02
  683	-4.2527909493729403e+00	7.06343357e-02
  684	-4.2527956918225129e+00	6.70750073e-02
  685	-4.2528004297767641e+00	7.05948986e-02
  686	-4.2528051647731751e+00	6.70051968e-02
  687	-4.2528098952771600e+00	7.05556513e-02
  688	-4.2528146228360661e+00	6.69353382e-02
  689	-4.2528193459052099e+00	7.05165808e-02
  690	-4.2528240660430825e+00	6.68654280e-02
  691	-4.2528287816928358e+00	7.04777027e-02
  692	-4.2528334944244559e+00	6.67954505e-02
  693	-4.2528382026708611e+00	7.04390066e-02
  694	-4.2528429080129833e+00	6.67254249e-02
  695	-4.2528476088719351e+00	7.04005041e-02
  696	-4.2528523068401833e+00	6.66553374e-02
  697	-4.2528570003276833e+00	7.03621913e-02
  698	-4.2528616909373831e+00	6.65851936e-02
  699	-4.2528663770693065e+00	7.03240588e-02
  700	-4.2528710603369184e+00	6.65150018e-02
  701	-4.2528757391286511e+00	7.02861158e-02
  702	-4.2528804150700381e+00	6.64447456e-02
  703	-4.2528850865378276e+00	7.02483689e-02
  704	-4.2528897551688605e+00	6.63744304e-02
  705	-4.2528944193284648e+00	7.02108131e-02
  706	-4.2528990806655163e+00	6.63040546e-02
  707	-4.2529037375335283e+00	7.01734577e-02
  708	-4.2529083915920687e+00	6.62336206e-02
  709	-4.2529130411841898e+00	7.01362869e-02
  710	-4.2529176879806325e+00	6.61631324e-02
  711	-4.2529223303126642e+00	7.00993114e-02
  712	-4.2529269698631085e+00	6.60925804e-02
  713	-4.2529316049514971e+00	7.00625355e-02
  714	-4.2529362372721247e+00	6.60219693e-02
  715	-4.2529408651330556e+00	7.00259561e-02
  716	-4.2529454902397887e+00	6.59512990e-02
  717	-4.2529501108889995e+00	6.99895694e-02
  718	-4.2529547287983398e+00	6.58805670e-02
  719	-4.2529593422525593e+00	6.99533868e-02
  720	-4.2529639529804628e+00	6.58097759e-02
  721	-4.2529685592557271e+00	6.99173976e-02
  722	-4.2529731628183800e+00	6.57389271e-02
  723	-4.2529777619309783e+00	6.98816042e-02
  724	-4.2529823583449264e+00	6.56680218e-02
  725	-4.2529869503109889e+00	6.98460108e-02
  726	-4.2529915395925464e+00	6.55970534e-02
  727	-4.2529961244279102e+00	6.98106203e-02
  728	-4.2530007065936637e+00	6.55260151e-02
  729	-4.2530052843157202e+00	6.97754432e-02
  730	-4.2530098593818995e+00	6.54549179e-02
  731	-4.2530144300062442e+00	6.97404638e-02
  732	-4.2530189979895834e+00	6.53837530e-02
  733	-4.2530235615334675e+00	6.97056983e-02
  734	-4.2530281224500346e+00	6.53125271e-02
  735	-4.2530326789297401e+00	6.96711302e-02
  736	-4.2530372327965473e+00	6.52412439e-02
  737	-4.2530417822285127e+00	6.96367707e-02
  738	-4.2530463290615526e+00	6.51698939e-02
  739	-4.2530508714623991e+00	6.96026130e-02
  740	-4.2530554112787513e+00	6.50984873e-02
  741	-4.2530599466650791e+00	6.95686644e-02
  742	-4.2530644794811341e+00	6.50270158e-02
  743	-4.2530690078695503e+00	6.95349221e-02
  744	-4.2530735337021328e+00	6.49554830e-02
  745	-4.2530780551092846e+00	6.95013895e-02
  746	-4.2530825739750071e+00	6.48838860e-02
  747	-4.2530870884176144e+00	6.94680662e-02
  748	-4.2530916003334944e+00	6.48122262e-02
  749	-4.2530961078285561e+00	6.94349570e-02
  750	-4.2531006128109965e+00	6.47405029e-02
  751	-4.2531051133753408e+00	6.94020533e-02
  752	-4.2531096114416105e+00	6.46687227e-02
  753	-4.2531141050916528e+00	6.93693623e-02
  754	-4.2531185962583899e+00	6.45968724e-02
  755	-4.2531230830116762e+00	6.93368866e-02
  756	-4.2531275672957989e+00	6.45249654e-02
  757	-4.2531320471684477e+00	6.93046183e-02
  758	-4.2531365245873651e+00	6.44529901e-02
  759	-4.2531409975970256e+00	6.92725755e-02
  760	-4.2531454681672827e+00	6.43809490e-02
  761	-4.2531499343312822e+00	6.92407428e-02
  762	-4.2531543980699258e+00	6.43088544e-02
  763	-4.2531588574046388e+00	6.92091166e-02
  764	-4.2531633143292691e+00	6.42366961e-02
  765	-4.2531677668521395e+00	6.91777150e-02
  766	-4.2531722169791593e+00	6.41644708e-02
  767	-4.2531766627071601e+00	6.91465224e-02
  768	-4.2531811060544005e+00	6.40921883e-02
  769	-4.2531855450045661e+00	6.91155521e-02
  770	-4.2531899815892604e+00	6.40198355e-02
  771	-4.2531944137793802e+00	6.90848068e-02
  772	-4.2531988436186232e+00	6.39474206e-02
  773	-4.2532032690662440e+00	6.90542768e-02
  774	-4.2532076921771562e+00	6.38749506e-02
  775	-4.2532121108986196e+00	6.90239565e-02
  776	-4.2532165272990037e+00	6.38024140e-02
  777	-4.2532209393126834e+00	6.89938667e-02
  778	-4.2532253490196172e+00	6.37298185e-02
  779	-4.2532297543422581e+00	6.89639893e-02
  780	-4.2532341573734467e+00	6.36571597e-02
  781	-4.2532385560228470e+00	6.89343381e-02
  782	-4.2532429523959800e+00	6.35844385e-02
  783	-4.2532473443894308e+00	6.89049120e-02
  784	-4.2532517341216893e+00	6.35116487e-02
  785	-4.2532561194775678e+00	6.88757087e-02
  786	-4.2532605025868229e+00	6.34388087e-02
  787	-4.2532648813218810e+00	6.88467225e-02
  788	-4.2532692578255276e+00	6.33659011e-02
  789	-4.2532736299579739e+00	6.88179616e-02
  790	-4.2532779998738945e+00	6.32929387e-02
  791	-4.2532823654212120e+00	6.87894222e-02
  792	-4.2532867287671632e+00	6.32199148e-02
  793	-4.2532910877469519e+00	6.87611083e-02
  794	-4.2532954445407896e+00	6.31468272e-02
  795	-4.2532997969713087e+00	6.87330234e-02
  796	-4.2533041472308382e+00	6.30736818e-02
  797	-4.2533084931294738e+00	6.87051615e-02
  798	-4.2533128368724498e+00	6.30004725e-02
  799	-4.2533171762575650e+00	6.86775274e-02
  800	-4.2533215135022662e+00	6.29272086e-02
  801	-4.2533258463917765e+00	6.86501209e-02
  802	-4.2533301771556449e+00	6.28538839e-02
  803	-4.2533345035676700e+00	6.86229344e-02
  804	-4.2533388278690349e+00	6.27805096e-02
  805	-4.2533431478212584e+00	6.85959720e-02
  806	-4.2533474656781021e+00	6.27070750e-02
  807	-4.2533517791885069e+00	6.85692377e-02
  808	-4.2533560906191887e+00	6.26335807e-02
  809	-4.2533603977061860e+00	6.85427370e-02
  810	-4.2533647027286507e+00	6.25600269e-02
  811	-4.2533690034102083e+00	6.85164630e-02
  812	-4.2533733020429683e+00	6.24864147e-02
  813	-4.2533775963377618e+00	6.84904238e-02
  814	-4.2533818885988897e+00	6.24127460e-02
  815	-4.2533861765251189e+00	6.84646109e-02
  816	-4.2533904624331687e+00	6.23390231e-02
  817	-4.2533947440091140e+00	6.84390296e-02
  818	-4.2533990235819719e+00	6.22652415e-02
  819	-4.2534032988264077e+00	6.84136735e-02
  820	-4.2534075720829332e+00	6.21914156e-02
  821	-4.2534118410138007e+00	6.83885455e-02
  822	-4.2534161079721251e+00	6.21175303e-02
  823	-4.2534203706080831e+00	6.83636470e-02
  824	-4.2534246312868138e+00	6.20435945e-02
  825	-4.2534288876462263e+00	6.83389779e-02
  826	-4.2534331420636162e+00	6.19696043e-02
  827	-4.2534373921651643e+00	6.83145360e-02
  828	-4.2534416403401627e+00	6.18955669e-02
  829	-4.2534458842025362e+00	6.82903260e-02
  830	-4.2534501261534894e+00	6.18214773e-02
  831	-4.2534543637951696e+00	6.82663427e-02
  832	-4.2534585995405685e+00	6.17473385e-02
  833	-4.2534628309801938e+00	6.82425859e-02
  834	-4.2534670605392790e+00	6.16731531e-02
  835	-4.2534712857956318e+00	6.82190653e-02
  836	-4.2534755091867407e+00	6.15989129e-02
  837	-4.2534797282783519e+00	6.81957733e-02
  838	-4.2534839455203866e+00	6.15246224e-02
  839	-4.2534881584666975e+00	6.81727153e-02
  840	-4.2534923695786873e+00	6.14502895e-02
  841	-4.2534965763981072e+00	6.81498864e-02
  842	-4.2535007813984702e+00	6.13759043e-02
  843	-4.2535049821103694e+00	6.81272851e-02
  844	-4.2535091810185044e+00	6.13014828e-02
  845	-4.2535133756414227e+00	6.81049138e-02
  846	-4.2535175684758633e+00	6.12270103e-02
  847	-4.2535217570288850e+00	6.80827709e-02
  848	-4.2535259438086701e+00	6.11524969e-02
  849	-4.2535301263105616e+00	6.80608561e-02
  850	-4.2535343070547436e+00	6.10779382e-02
  851	-4.2535384835251167e+00	6.80391730e-02
  852	-4.2535426582527824e+00	6.10033429e-02
  853	-4.2535468287102356e+00	6.80177151e-02
  854	-4.2535509974404295e+00	6.09287033e-02
  855	-4.2535551619039893e+00	6.79964880e-02
  856	-4.2535593246557628e+00	6.08540200e-02
  857	-4.2535634831452249e+00	6.79754913e-02
  858	-4.2535676399377778e+00	6.07793045e-02
  859	-4.2535717924719165e+00	6.79547178e-02
  860	-4.2535759433244902e+00	6.07045501e-02
  861	-4.2535800899224920e+00	6.79341737e-02
  862	-4.2535842348540367e+00	6.06297562e-02
  863	-4.2535883755349788e+00	6.79138547e-02
  864	-4.2535925145648896e+00	6.05549260e-02
  865	-4.2535966493486654e+00	6.78937655e-02
  866	-4.2536007824961253e+00	6.04800666e-02
  867	-4.2536049114014407e+00	6.78738966e-02
  868	-4.2536090386858127e+00	6.04051710e-02
  869	-4.2536131617320017e+00	6.78542567e-02
  870	-4.2536172831728276e+00	6.03302391e-02
  871	-4.2536214003794139e+00	6.78348488e-02
  872	-4.2536255159960241e+00	6.02552708e-02
  873	-4.2536296273828036e+00	6.78156696e-02
  874	-4.2536337371942849e+00	6.01802737e-02
  875	-4.2536378427803836e+00	6.77967085e-02
  876	-4.2536419468066526e+00	6.01052496e-02
  877	-4.2536460466116033e+00	6.77779779e-02
  878	-4.2536501448719291e+00	6.00301912e-02
  879	-4.2536542389153649e+00	6.77594730e-02
  880	-4.2536583314290759e+00	5.99551055e-02
  881	-4.2536624197304063e+00	6.77411890e-02
  882	-4.2536665065172903e+00	5.98799945e-02
  883	-4.2536705890965427e+00	6.77231319e-02
  884	-4.2536746701756014e+00	5.98048609e-02
  885	-4.2536787470515947e+00	6.77052864e-02
  886	-4.2536828224425456e+00	5.97297039e-02
  887	-4.2536868936350913e+00	6.76876649e-02
  888	-4.2536909633578182e+00	5.96545244e-02
  889	-4.2536950288861251e+00	6.76702695e-02
  890	-4.2536990929597849e+00	5.95793120e-02
  891	-4.2537031528444302e+00	6.76530966e-02
  892	-4.2537072112891909e+00	5.95040905e-02
  893	-4.2537112655491232e+00	6.76361436e-02
  894	-4.2537153183838328e+00	5.94288392e-02
  895	-4.2537193670397695e+00	6.76194052e-02
  896	-4.2537234142842859e+00	5.93535899e-02
  897	-4.2537274573539499e+00	6.76028728e-02
  898	-4.2537314990275590e+00	5.92783081e-02
  899	-4.2537355365319902e+00	6.75865643e-02
  900	-4.2537395726549239e+00	5.92030233e-02
  901	-4.2537436046129216e+00	6.75704720e-02
  902	-4.2537476352043182e+00	5.91277113e-02
  903	-4.2537516616362776e+00	6.75545969e-02
  904	-4.2537556867159427e+00	5.90523945e-02
  905	-4.2537597076414073e+00	6.75389323e-02
  906	-4.2537637272289981e+00	5.89770678e-02
  907	-4.2537677426673213e+00	6.75234797e-02
  908	-4.2537717567821165e+00	5.89017271e-02
  909	-4.2537757667533391e+00	6.75082361e-02
  910	-4.2537797754154454e+00	5.88263859e-02
  911	-4.2537837799385096e+00	6.74932047e-02
  912	-4.2537877831672564e+00	5.87510249e-02
  913	-4.2537917822628923e+00	6.74783876e-02
  914	-4.2537957800782316e+00	5.86756680e-02
  915	-4.2537997737653050e+00	6.74637764e-02
  916	-4.2538037661867758e+00	5.86002974e-02
  917	-4.2538077544856758e+00	6.74493783e-02
  918	-4.2538117415326226e+00	5.85249279e-02
  919	-4.2538157244628687e+00	6.74351784e-02
  920	-4.2538197061551948e+00	5.84495629e-02
  921	-4.2538236837363321e+00	6.74211834e-02
  922	-4.2538276600932399e+00	5.83741958e-02
  923	-4.2538316323444301e+00	6.74073866e-02
  924	-4.2538356033859355e+00	5.82988284e-02
  925	-4.2538395703271608e+00	6.73938005e-02
  926	-4.2538435360728712e+00	5.82234595e-02
  927	-4.2538474977238252e+00	6.73804190e-02
  928	-4.2538514581931857e+00	5.81480915e-02
  929	-4.2538554145738772e+00	6.73672375e-02
  930	-4.2538593697867153e+00	5.80727346e-02
  931	-4.2538633209163388e+00	6.73542549e-02
  932	-4.2538672708922247e+00	5.79973779e-02
  933	-4.2538712167908930e+00	6.73414749e-02
  934	-4.2538751615493737e+00	5.79220312e-02
  935	-4.2538791022360005e+00	6.73288898e-02
  936	-4.2538830417964872e+00	5.78466854e-02
  937	-4.2538869772919217e+00	6.73165041e-02
  938	-4.2538909116739401e+00	5.77713644e-02
  939	-4.2538948419967273e+00	6.73043019e-02
  940	-4.2538987712197702e+00	5.76960517e-02
  941	-4.2539026963894493e+00	6.72922951e-02
  942	-4.2539066204730078e+00	5.76207494e-02
  943	-4.2539105405092776e+00	6.72804821e-02
  944	-4.2539144594725711e+00	5.75454616e-02
  945	-4.2539183743952655e+00	6.72688551e-02
  946	-4.2539222882579093e+00	5.74701991e-02
  947	-4.2539261980854040e+00	6.72574131e-02
  948	-4.2539301068666653e+00	5.73949417e-02
  949	-4.2539340116197293e+00	6.72461649e-02
  950	-4.2539379153390211e+00	5.73197151e-02
  951	-4.2539418150357751e+00	6.72350943e-02
  952	-4.2539457137125112e+00	5.72444986e-02
  953	-4.2539496083733956e+00	6.72242167e-02
  954	-4.2539535020268753e+00	5.71693095e-02
  955	-4.2539573916708182e+00	6.72135172e-02
  956	-4.2539612803203717e+00	5.70941421e-02
  957	-4.2539651649664254e+00	6.72030008e-02
  958	-4.2539690486312498e+00	5.70189930e-02
  959	-4.2539729282992846e+00	6.71926676e-02
  960	-4.2539768069984003e+00	5.69438742e-02
  961	-4.2539806817076338e+00	6.71825060e-02
  962	-4.2539845554605602e+00	5.68687892e-02
  963	-4.2539884252291156e+00	6.71725223e-02
  964	-4.2539922940547257e+00	5.67937152e-02
  965	-4.2539961589031199e+00	6.71627216e-02
  966	-4.2540000228208017e+00	5.67186820e-02
  967	-4.2540038827679663e+00	6.71530916e-02
  968	-4.2540077417967810e+00	5.66436799e-02
  969	-4.2540115968611953e+00	6.71436338e-02
  970	-4.2540154510195851e+00	5.65687011e-02
  971	-4.2540193012215344e+00	6.71343429e-02
  972	-4.2540231505289627e+00	5.64937777e-02
  973	-4.2540269958853685e+00	6.71252143e-02
  974	-4.2540308403604232e+00	5.64188660e-02
  975	-4.2540346808919134e+00	6.71162634e-02
  976	-4.2540385205537827e+00	5.63440036e-02
  977	-4.2540423562783873e+00	6.71074746e-02
  978	-4.2540461911457612e+00	5.62691697e-02
  979	-4.2540500220830930e+00	6.70988538e-02
  980	-4.2540538521747511e+00	5.61943813e-02
  981	-4.2540576783430133e+00	6.70903908e-02
  982	-4.2540615036777609e+00	5.61196291e-02
  983	-4.2540653250961213e+00	6.70820927e-02
  984	-4.2540691456925730e+00	5.60449197e-02
  985	-4.2540729623791727e+00	6.70739519e-02
  986	-4.2540767782557332e+00	5.59702467e-02
  987	-4.2540805902303980e+00	6.70659689e-02
  988	-4.2540844014057067e+00	5.58956343e-02
  989	-4.2540882086855518e+00	6.70581318e-02
  990	-4.2540920151780455e+00	5.58210561e-02
  991	-4.2540958177821873e+00	6.70504551e-02
  992	-4.2540996196103844e+00	5.57465259e-02
  993	-4.2541034175573618e+00	6.70429309e-02
  994	-4.2541072147393919e+00	5.56720439e-02
  995	-4.2541110080468671e+00	6.70355525e-02
  996	-4.2541148006013891e+00	5.55976049e-02
  997	-4.2541185892887592e+00	6.70283328e-02
  998	-4.2541223772341779e+00	5.55232206e-02
  999	-4.2541261613193235e+00	6.70212599e-02
 1000	-4.2541299446735277e+00	5.54488819e-02
Terminated - max iterations reached after 1.41 seconds.

